rank city state pop2015 pop2010 pctchange landsqmi landsqkm popdensitysqmi popdensitysqkm latitude longitude

1	NewYork	NewYork	8550405	8175133	4.59	302.6  783.8 	27012   10430 	40.6643 73.9385
2	LosAngeles	California	3971883	3792621	4.73	468.7  1213.9 	8092   3124 	34.0194 118.4108
3	Chicago	Illinois	2720546	2695598	0.93	227.6 589.6 	11842  4572 	41.8376 87.6818
4	Houston	Texas	2296224	2100263	9.33	599.6 1552.9 	3501 1352 	29.7805 95.3863
5	Philadelphia	Pennsylvania	1567442	1526006	2.72	134.1 347.3 	11379  4394 	40.0094 75.1333
6	Phoenix	Arizona	1563025	1445632	8.12	516.7 1338.3 	2798  1080 	33.5722 112.0880
7	SanAntonio	Texas	1469845	1327407	10.73	460.9 1193.8 	2880  1112 	29.4724 98.5251
8	SanDiego	California	1394928	1307402	6.69	325.2 842.2 	4020  1552 	32.8153 117.1350
9	Dallas	Texas	1300092	1197816	8.54	340.5 881.9 	3518  1358 	32.7757 96.7967
10	SanJose	California	1026908	945942	8.56	176.6 457.3 	5359  2069 	37.2969 121.8193
11	Austin	Texas	931830	790390	17.89	322.48 835.2 	2653  1024 	30.3072 97.7560
12	Jacksonville	Florida	868031	821784	5.63	747.0 1934.7 	1120  433 	30.3370 81.6613
13	SanFrancisco	California	864816	805235	7.40	46.9 121.4 	17179  6633 	37.7751 122.4193
14	Indianapolis	Indiana	853173	820445	3.99	361.4 936.1 	2270  876 	39.7767 86.1459
15	Columbus	Ohio	850106	787033	8.01	217.2 562.5 	3624  1399 	39.9848 82.9850
16	FortWorth	Texas	833319	741206	12.43	339.8 880.1 	2181  842 	32.7795 97.3463
17	Charlotte	NorthCarolina	827097	731424	13.08	297.7 771.0 	2457  949 	35.2087 80.8307
18	Seattle	Washington	684451	608660	12.45	83.9 217.4 	7251  2800 	47.6205 122.3509
19	Denver	Colorado	682545	600158	13.73	153.0 396.3 	3923  1515 	39.7618 104.8806
20	ElPaso	Texas	681124	649121	4.93	255.2 661.1 	2543  982 	31.8484 106.4270
21	Detroit	Michigan	677116	713777	-5.14	138.8 359.4 	5144  1986 	42.3830 83.1022
22	Washington	DistrictofColumbia	672228	601723	11.72	61.0 158.1 	9856  3806 	38.9041 77.0171
23	Boston	Massachusetts	667137	617594	8.02	48.3 125.0 	12793  4939 	42.3320 71.0202
24	Memphis	Tennessee	655770	646889	1.37	315.1 816.0 	2053  793 	35.1035 89.9785
25	Nashville	Tennessee	654610	601222	8.88	475.1 1230.8 	1265  489 	36.1718 86.7850
26	Portland	Oregon	632309	583776	8.31	133.4 345.6 	4375  1689 	45.5370 122.6500
27	OklahomaCity	Oklahoma	631346	579999	8.85	606.4 1570.6 	956  369 	35.4671 97.5137
28	LasVegas	Nevada	623747	583756	6.85	135.8 351.8 	4298  1660 	36.2277 115.2640
29	Baltimore	Maryland	621849	620961	0.14	80.9 209.6 	7672  2962 	39.3002 76.6105
30	Louisville	Kentucky	615366	597337	3.02	325.2 842.4 	1837  709 	38.1781 85.6667
31	Milwaukee	Wisconsin	600155	594833	0.89	96.1 249.0 	6188  2389 	43.0633 87.9667
32	Albuquerque	NewMexico	559121	545852	2.43	187.7 486.2 	2908  1123 	35.1056 106.6474
33	Tucson	Arizona	531641	520116	2.22	226.7 587.2 	2294  886 	32.1543 110.8711
34	Fresno	California	520052	494665	5.13	113.2 293.2 	4418  1706 	36.7827 119.7945
35	Sacramento	California	490712	466488	5.19	97.9 253.6 	4764  1839 	38.5666 121.4686
36	KansasCity	Missouri	475378	459787	3.39	315.0 815.7 	1460  564 	39.1252 94.5511
37	LongBeach	California	474140	462257	2.57	50.3 130.3 	9191  3549 	33.8091 118.1553
38	Mesa	Arizona	471825	439041	7.47	136.5 353.4 	3218  1242 	33.4019 111.7174
39	Atlanta Georgia	463878	420003	10.45	133.2 344.9 	3154  1218 	33.7629 84.4227
40	ColoradoSprings	Colorado	456568	416427	9.64	194.5 503.9 	2141  826 	38.8673 104.7607
41	VirginiaBeach	Virginia	452745	437994	3.37	249.0 644.9 	1759  679 	36.7793 76.0240
42	Raleigh	NorthCarolina	451066	403892	11.68	142.9 370.1 	2826  1091 	35.8302 78.6414
43	Omaha	Nebraska	443885	408958	8.54	127.1 329.2 	3218  1242 	41.2647 96.0419
44	Miami	Florida	441003	399457	10.40	35.9 92.9 	11539  4455 	25.7752 80.2086
45	Oakland	California	419267	390724	7.31	55.9 144.8 	7004  2704 	37.7699 122.2256
46	Minneapolis	Minnesota	410939	382578	7.41	54.0 139.8 	7088  2737 	44.9633 93.2683
47	Tulsa	Oklahoma	403505	391906	2.96	196.8 509.6 	1992  769 	36.1279 95.9023
48	Wichita	Kansas	389965	382368	1.99	159.3 412.6 	2400  927 	37.6907 97.3427
49	NewOrleans	Louisiana	389617	343829	13.32	169.4 438.8 	2029  784 	30.0686 89.9390
50	Arlington	Texas	388125	365438	6.21	95.9 248.3 	3811  1472 	32.7007 97.1247
51	Cleveland	Ohio	388072	396815	-2.20	77.7 201.2 	5107  1972 	41.4781 81.6795
52	Bakersfield	California	373640	347483	7.53	142.2 368.2 	2444  944 	35.3212 119.0183
53	Tampa	Florida	369075	335709	9.94	113.4 293.7 	3077  1182 	27.9701 82.4797
54	Aurora	Colorado	359407	325078	10.56	154.1 369.1 	2110  881 	39.7082 104.8235
55	Honolulu	Hawaii	352769	337256	4.60	60.5 156.7 	5573  2152 	21.3259 157.8453
56	Anaheim	California	350742	336265	4.31	49.8 129.1 	6748  2605 	33.8555 117.7601
57	SantaAna	California	335400	324528	3.35	27.3 70.6 	11901  4595 	33.7365 117.8826
58	CorpusChristi	Texas	324074	305215	6.18	160.6 416.0 	1900  734 	27.7543 97.1734
59	Riverside	California	322424	303871	6.11	81.1 210.2 	3745  1446 	33.9381 117.3932
60	St.Louis	Missouri	315685	319294	-1.13	61.9 160.3 	5157  1991 	38.6357 90.2446
61	Lexington	Kentucky	314488	295803	6.32	283.6 734.6 	1043  403 	38.0402 84.4584
62	Stockton	California	305658	291707	4.78	61.7 159.7 	4730  1826 	37.9763 121.3133
63	Pittsburgh	Pennsylvania	304391	305704	-0.43	55.4 143.4 	5521  2132 	40.4398 79.9766
64	SaintPaul	Minnesota	300851	285068	5.54	52.0 134.6 	5484  2118 	44.9489 93.1039
65	Anchorage	Alaska	298695	291826	2.35	1704.7 4415.1 	171  66 	61.2176 149.8953
66	Cincinnati	Ohio	298550	296943	0.54	77.9 201.9 	3810  1471 	39.1399 84.5064
67	Henderson	Nevada	285667	257729	10.84	107.7 279.0 	2392  924 	36.0122 115.0375
68	Greensboro	NorthCarolina	285342	269666	5.81	126.5 327.7 	2131  823 	36.0965 79.8271
69	Plano	Texas	283558	259841	9.13	71.6 185.4 	3630  1402 	33.0508 96.7479
70	Newark	NewJersey	281944	277140	1.73	24.2 62.6 	11458  4424 	40.7242 74.1726
71	Toledo	Ohio	279789	287208	-2.58	80.7 209.0 	3559  1374 	41.6641 83.5819
72	Lincoln	Nebraska	277348	258379	7.34	89.1 230.8 	2899  1119 	40.8090 96.6804
73	Orlando	Florida	270934	238300	13.69	102.4 265.2 	2327  899 	28.4159 81.2988
74	ChulaVista	California	265757	243916	8.95	49.6 128.5 	4915  1898 	32.6277 117.0152
75	JerseyCity	NewJersey	264290	247597	6.74	14.8 38.3 	16737  6462 	40.7114 74.0648
76	Chandler	Arizona	260828	236123	10.46	64.4 166.8 	3666  1415 	33.2829 111.8549
77	FortWayne	Indiana	260326	253691	2.62	110.6 286.5 	2293  885 	41.0882 85.1439
78	Buffalo	NewYork	258071	261310	-1.24	40.4 104.6 	6471  2498 	42.8925 78.8597
79	Durham	NorthCarolina	257636	228330	12.83	107.4 278.1 	2127  821 	35.9810 78.9056
80	St.Petersburg	Florida	257083	244769	5.03	61.7 159.9 	3964  1531 	27.7620 82.6441
81	Irvine	California	256927	212375	20.98	66.1 171.2 	3213  1240 	33.6784 117.7713
82	Laredo	Texas	255473	236091	8.21	88.9 230.3 	2655  1025 	27.5477 99.4869
83	Lubbock	Texas	249042	229573	8.48	122.4 317.0 	1875  724 	33.5665 101.8867
84	Madison	Wisconsin	248951	233209	6.75	76.8 198.9 	3037  1173 	43.0878 89.4301
85	Gilbert	Arizona	247542	208453	18.75	68.0 176.0 	3067  1184 	33.3102 111.7422
86	Norfolk	Virginia	246393	242803	1.48	54.1 140.2 	4486  1732 	36.9230 76.2446
87	Reno	Nevada	241445	225221	7.20	103.0 266.8 	2186  844 	39.4745 119.7765
88	Winston–Salem	NorthCarolina	241218	229617	5.05	132.4 343.0 	1734  669 	36.1033 80.2606
89	Glendale	Arizona	240126	226721	5.91	60.0 155.3 	3780  1460 	33.5331 112.1899
90	Hialeah	Florida	237069	224669	5.52	21.5 55.6 	10474  4044 	25.8699 80.3029
91	Garland	Texas	236897	226876	4.42	57.1 147.8 	3974  1535 	32.9098 96.6304
92	Scottsdale	Arizona	236839	217385	8.95	183.9 476.4 	1182  456 	33.6687 111.8237
93	Irving	Texas	236607	216290	9.39	67.0 173.6 	3227  1246 	32.8577 96.9700
94	Chesapeake	Virginia	235429	222209	5.95	340.8 882.7 	652  252 	36.6794 76.3018
95	NorthLasVegas	Nevada	234807	216961	8.23	101.3 262.5 	2141  827 	36.2830 115.0893
96	Fremont	California	232206	214089	8.46	77.5 200.6 	2764  1067 	37.4944 121.9411
97	BatonRouge	Louisiana	228590	229493	-0.39	76.9 199.3 	2982  1152 	30.4485 91.1259
98	Richmond	Virginia	220289	204214	7.87	59.8 154.9 	3415  1318 	37.5314 77.4760
99	Boise	Idaho	218281	205671	6.13	79.4 205.56 	2592  1001 	43.5985 116.2311
100	SanBernardino	California	216108	209924	2.95	59.2 153.3 	3546  1369 	34.1393 117.2953
101	Spokane	Washington	213272	208916	2.09	59.2 153.4 	3526  1361 	47.6736 117.4166
102	Birmingham	Alabama	212461	212237	0.11	146.1 378.3 	1453  561 	33.5274 86.7990
103	Modesto	California	211266	201165	5.02	36.9 95.5 	5456  2107 	37.6609 120.9891
104	DesMoines	Iowa	210330	203433	3.39	80.9 209.5 	2516  971 	41.5739 93.6167
105	Rochester	NewYork	209802	210565	-0.36	35.8 92.7 	5885  2272 	43.1699 77.6169
106	Tacoma	Washington	207948	198397	4.81	49.7 128.8 	3990  1541 	47.2522 122.4598
107	Fontana	California	207460	196069	5.81	42.4 109.9 	4621  1784 	34.1088 117.4627
108	Oxnard	California	207254	197899	4.73	26.9 69.7 	7358  2841 	34.2023 119.2046
109	MorenoValley	California	204198	193365	5.60	51.3 132.8 	3771  1456 	33.9233 117.2057
110	Fayetteville	NorthCarolina	201963	200564	0.70	145.8 377.7 	1375  531 	35.0851 78.9803
111	HuntingtonBeach	California	201899	189992	6.27	26.7 69.3 	7103  2742 	33.6906 118.0093
112	Yonkers	NewYork	201116	195976	2.62	18.0 46.7 	10880  4201 	40.9459 73.8674
113	Glendale	California	201020	191719	4.85	30.5 78.9 	6295  2431 	34.1814 118.2458
114	Aurora	Illinois	200661	197899	1.40	44.9 116.4 	4404  1700 	41.7635 88.2901
115	Montgomery	Alabama	200602	205764	-2.51	159.6 413.3 	1290  498 	32.3463 86.2686
116	Columbus	Georgia	200579	189885	5.63	216.4 560.4 	878  339 	32.5102 84.8749
117	Amarillo	Texas	198645	190695	4.17	99.5 257.6 	1917  740 	35.1978 101.8287
118	LittleRock	Arkansas	197992	193524	2.31	119.2 308.7 	1624  627 	34.7254 92.3586
119	Akron	Ohio	197542	199110	-0.79	62.0 160.7 	3210  1239 	41.0805 81.5214
120	Shreveport	Louisiana	197204	199311	-1.06	105.4 272.9 	1891  730 	32.4670 93.7927
121	Augusta	Georgia	197182	195844	0.68	302.5 783.4 	647  250 	33.3655 82.0734
122	GrandRapids	Michigan	195097	188040	3.75	44.4 115.0 	4236  1635 	42.9612 85.6556
123	Mobile	Alabama	194288	195111	-0.42	139.1 360.3 	1403  542 	30.6684 88.1002
124	SaltLakeCity	Utah	192672	186440	3.34	111.1 287.8 	1678  648 	40.7785 111.9314
125	Huntsville	Alabama	190582	180105	5.82	209.1 541.4 	862  333 	34.7843 86.5390
126	Tallahassee	Florida	189907	181376	4.70	100.2 259.6 	1809  699 	30.4551 84.2534
127	GrandPrairie	Texas	187809	175396	7.08	72.1 186.8 	2433  939 	32.6842 97.0210
128	OverlandPark	Kansas	186515	173372	7.58	74.8 193.8 	2317  894 	38.8890 94.6906
129	Knoxville	Tennessee	185291	178874	3.59	98.5 255.2 	1816  701 	35.9709 83.9465
130	Worcester	Massachusetts	184815	181045	2.08	37.4 96.8 	4845  1870 	42.2695 71.8078
131	Brownsville	Texas	183887	175023	5.06	132.3 342.7 	1323  511 	26.0183 97.4538
132	NewportNews	Virginia	182385	180719	0.92	68.7 178.0 	2630  1015 	37.0760 76.5217
133	SantaClarita	California	182371	176320	3.43	52.7 136.5 	3345  1291 	34.4049 118.5047
134	PortSt.Lucie	Florida	179413	164603	9.00	114.0 295.1 	1444  558 	27.2810 80.3838
135	Providence	RhodeIsland	179207	178042	0.65	18.4 47.7 	9676  3736 	41.8231 71.4188
136	FortLauderdale	Florida	178590	165521	7.90	34.8 90.0 	4761  1838 	26.1413 80.1439
137	Chattanooga	Tennessee	176588	167674	5.32	137.2 355.2 	1223  472 	35.0665 85.2471
138	Tempe	Arizona	175826	161719	8.72	39.9 103.4 	4050  1564 	33.3884 111.9318
139	Oceanside	California	175691	167086	5.15	41.2 106.8 	4052  1565 	33.2246 117.3062
140	GardenGrove	California	175393	170883	2.64	17.9 46.5 	9525  3677 	33.7788 117.9605
141	RanchoCucamonga	California	175236	165269	6.03	39.9 103.2 	4147  1601 	34.1233 117.5642
142	CapeCoral	Florida	175229	154305	13.56	105.7 273.7 	1460  564 	26.6431 81.9973
143	SantaRosa	California	174972	167815	4.26	41.3 107.0 	4064  1569 	38.4468 122.7061
144	Vancouver	Washington	172860	161791	6.84	46.5 120.3 	3483  1345 	45.6372 122.5965
145	SiouxFalls	SouthDakota	171544	153888	11.47	73.0 189.0 	2109  814 	43.5383 96.7320
146	Peoria	Arizona	171237	154065	11.15	174.4 451.7 	883  341 	33.7877 112.3111
147	Ontario	California	171214	163924	4.45	49.9 129.3 	3282  1267 	34.0395 117.6088
148	Jackson	Mississippi	170674	173514	-1.64	111.0 287.6 	1563  603 	32.3158 90.2128
149	ElkGrove	California	166913	153015	9.08	42.2 109.3 	3627  1400 	38.4144 121.3849
150	Springfield	Missouri	165378	159498	3.69	81.7 211.7 	1952  754 	37.1942 93.2913
151	PembrokePines	Florida	166611	154019	8.18	33.1 85.8 	4672  1804 	26.0212 80.3404
152	Salem	Oregon	164549	154637	6.41	47.9 124.0 	3229  1247 	44.9237 123.0231
153	Corona	California	164226	152374	7.78	38.8 100.6 	3925  1515 	33.8624 117.5639
154	Eugene	Oregon	163460	156185	4.66	43.7 113.2 	3572  1379 	44.0567 123.1162
155	McKinney	Texas	162898	131117	24.24	62.2 161.1 	2108  814 	33.2012 96.6680
156	FortCollins	Colorado	161175	143986	11.94	54.3 140.6 	2653  1024 	40.5482 105.0648
157	Lancaster	California	161103	156633	2.85	94.3 244.2 	1661  641 	34.6936 118.1753
158	Cary	NorthCarolina	159769	135234	18.14	54.3 140.8 	2488  961 	35.7821 78.8141
159	Palmdale	California	158351	152750	3.67	106.0 274.4 	1442  557 	34.5913 118.1090
160	Hayward	California	158289	144186	9.78	45.3 117.4 	3181  1228 	37.6281 122.1063
161	Salinas	California	157380	150441	4.61	23.2 60.0 	6490  2506 	36.6902 121.6337
162	Frisco	Texas	154407	116989	31.98	61.8 160.1 	1893  731 	33.1510 96.8193
163	Springfield	Massachusetts	154341	153060	0.84	31.9 82.5 	4803  1855 	42.1155 72.5400
164	Pasadena	Texas	153784	149043	3.18	42.8 110.8 	3485  1346 	29.6583 95.1505
165	Macon	Georgia	153515	91351	68.05	255.1 661 	614  237 	32.505 83.396
166	Alexandria	Virginia	153511	139966	9.68	15.0 38.9 	9314  3596 	38.8183 77.0820
167	Pomona	California	153266	149058	2.82	23.0 59.4 	6494  2508 	34.0586 117.7613
168	Lakewood	Colorado	152597	142980	6.73	42.9 111.1 	3334  1287 	39.6989 105.1176
169	Sunnyvale	California	151754	140081	8.33	22.0 56.9 	6371  2460 	37.3858 122.0263
170	Escondido	California	151451	143911	5.24	36.8 95.3 	3909  1509 	33.1336 117.0732
171	KansasCity	Kansas	151306	145786	3.79	124.8 323.3 	1168  451 	39.1225 94.7418
172	Hollywood	Florida	149728	140768	6.37	27.4 70.9 	5144  1986 	26.0311 80.1646
173	Clarksville	Tennessee	149176	132929	12.22	97.6 252.8 	1362  526 	36.5664 87.3452
174	Torrance	California	148475	145438	2.09	20.5 53.0 	7102  2742 	33.8350 118.3414
175	Rockford	Illinois	148278	152871	-3.00	61.1 158.2 	2503  966 	42.2634 89.0628
176	Joliet	Illinois	147861	147433	0.29	62.1 160.9 	2374  916 	41.5181 88.1584
177	Paterson	NewJersey	147754	146199	1.06	8.4 21.8 	17346  6697 	40.9147 74.1628
178	Bridgeport	Connecticut	147629	144229	2.36	16.0 41.4 	9029  3486 	41.1874 73.1957
179	Naville	Illinois	147100	141853	3.70	38.8 100.4 	3659  1413 	41.7492 88.1620
180	Savannah	Georgia	145674	136286	6.89	103.2 267.2 	1321  510 	32.0025 81.1536
181	Mesquite	Texas	144788	139824	3.55	46.0 119.2 	3038  1173 	32.7639 96.5924
182	Syracuse	NewYork	144142	145170	-0.71	25.0 64.9 	5797  2238 	43.0410 76.1436
183	Pasadena	California	142250	137122	3.74	23.0 59.5 	5970  2305 	34.1606 118.1396
184	Orange	California	140992	136416	3.35	24.8 64.2 	5501  2124 	33.8048 117.8249
185	Fullerton	California	140847	135161	4.21	22.4 57.9 	6047  2335 	33.8857 117.9280
186	Killeen	Texas	140806	127921	10.07	53.6 138.8 	2387  922 	31.0777 97.7320
187	Dayton	Ohio	140599	141527	-0.66	55.7 144.1 	2543  982 	39.7774 84.1996
188	McAllen	Texas	140269	129877	8.00	48.3 125.2 	2687  1037 	26.2185 98.2461
189	Bellevue	Washington	139820	122363	14.27	32.0 82.8 	3828  1478 	47.5978 122.1565
190	Miramar	Florida	137132	122041	12.37	29.5 76.5 	4134  1596 	25.9770 80.3358
191	Hampton	Virginia	136454	137436	-0.71	51.4 133.2 	2673  1032 	37.0480 76.2971
192	WestValleyCity	Utah	136208	129480	5.20	35.6 92.1 	3642  1406 	40.6885 112.0118
193	Warren	Michigan	135358	134056	0.97	34.4 89.0 	3899  1505 	42.4929 83.0250
194	Olathe	Kansas	134305	125872	6.70	59.7 154.5 	2110  815 	38.8843 94.8188
195	Columbia	SouthCarolina	133803	129272	3.51	132.2 342.4 	978  378 	34.0298 80.8966
196	Thornton	Colorado	133451	118772	12.36	34.8 90.2 	3409  1316 	39.9180 104.9454
197	Carrollton	Texas	133168	119097	11.81	36.3 94.0 	3281  1267 	32.9884 96.8998
198	Midland	Texas	132950	111147	19.62	72.1 186.7 	1542  595 	32.0299 102.1097
199	Charleston	SouthCarolina	132609	120083	10.43	109.0 282.3 	1102  425 	32.8179 79.9589
200	Waco	Texas	132356	124805	6.05	89.0 230.4 	1403  542 	31.5601 97.1860